20261010183000
20261010182000
20261010181000
20261010180000
20261010150000
20261009093000
20261008163000
20261008150000
20261007194500
20261003180000
20260929193000
20260928143600
20260928120000
20260925174854
20260924160959
20260923211403
20260923171812
20260923171300
20260923170639
20260923164100
20260923164000
20260923162100
20260923162000
20260923161100
20260923161000
20260923160100
20260923160000
20260923151800
20260923092654
20260923092324
20260923074200
20260923074100
20260923074000
20260923073200
20260923073100
20260923073000
20260923064819
20260923055332
20260923054816
20260923054814
20260923054812
20260923054811
20260923054809
20260923053807
20260923050456
20260923034523
20260923034522
20260923034328
20260923034325
20260923034324
20260923034322
20260923034321
20260923025153
20260923021438
20260923020341
20260923010031
20260923005438
20260923005343
20260923005341
20260923005340
20260923005133
20260923005132
20260923005015
20260923005014
20260922235819
20260922235818
20260922235817
20260922235815
20260922235648
20260922223000
20260922212400
20260922212300
20260922212200
20260922212100
20260922212000
20260922211300
20260922211200
20260922211100
20260922211000
20260922210400
20260922210300
20260922210200
20260922210100
20260922210000
20260918160000
20260918150000
20260918143000
20260918140000
20260918130000
20260918120000
20260918022914
20260918022913
20260918022912
20260918022911
20260918022910
20260918022909
20260918022908
20260918022907
20260918022906
20260918022905
20260918022904
20260918022903
20260918022902
20260918022901
20260918022900
20260918000001
20260918000000
20260917042341
20260917030039
20260917010000
20260917000000
20260916060000
20260916050000
20260916030000
20260916020000
20260916010000
20260916000000
20260915170100
20260915170000
20260914190000
20260914180000
20260914170000
20260914160000
20251212154340
20251126130131
20251126115722
20251126092013
20250825100959
20250825100958
20250825100957
20240209110503
20240131105830
20240130213001
20240130003150
20240115124901
20240110071740
20231220143106
20231215043540
